3 133 60 227 248 252 70 73 80 211 18 82 161 56 101 112 157 221 222 1 8 22 28 31 33 49 93 111 122 130 159 164 168 178 192 220 0 13 37 38 44 53 57 61 63 66 68 69 75 89 95 102 106 123 125 137 138 139 140 146 150 163 167 171 174 188 193 194 206 217 224 242 243 245 3 4 10 11 14 17 19 27 34 35 40 41 48 54 55 62 76 83 87 91 98 105 110 117 124 128 129 135 141 143 145 148 155 175 177 179 181 184 186 196 197 199 203 209 210 212 213 216 225 226 236 237 238 244 255 2 5 7 9 15 16 20 23 24 26 29 36 39 52 59 64 65 67 71 72 77 78 79 81 84 85 88 92 97 99 104 107 109 113 116 119 121 126 127 131 134 136 151 153 154 156 162 169 172 180 182 183 185 187 189 190 191 198 202 207 208 214 215 218 229 230 233 234 239 240 247 249 250 253 254 6 12 21 25 30 32 42 43 45 46 47 50 51 58 74 86 90 94 96 100 103 108 114 115 118 120 132 142 144 147 149 152 158 160 165 166 170 173 176 195 200 201 204 205 219 223 228 231 232 235 241 246 251
4 54 122 132 206 111 168 4 29 96 175 11 14 27 34 64 81 95 100 123 144 186 191 195 197 252 3 16 19 51 53 61 77 107 119 124 134 148 151 156 167 213 221 248 12 15 20 21 28 32 38 56 60 73 76 86 91 92 93 117 125 127 133 147 155 159 161 163 173 176 194 199 205 214 220 231 235 237 239 241 7 18 22 24 31 37 39 40 44 47 58 65 67 68 70 71 114 120 126 128 136 141 145 149 158 162 166 169 178 179 180 181 193 202 203 210 212 215 216 219 227 230 240 246 249 253 1 2 8 9 10 23 26 30 33 41 42 45 48 49 50 55 62 69 74 75 78 79 80 87 90 94 99 101 102 103 104 105 106 109 110 112 129 130 138 140 142 143 150 152 154 165 171 172 174 177 184 187 188 189 192 198 200 201 204 207 209 211 218 222 223 229 232 233 234 236 238 242 243 244 245 250 251 254 255 0 5 6 13 17 25 35 36 43 46 52 57 59 63 66 72 82 83 84 85 88 89 97 98 108 113 115 116 118 121 131 135 137 139 146 153 157 160 164 170 182 183 185 190 196 208 217 224 225 226 228 247
5 90 113 189 229 132 68 79 86 133 228 252 254 12 32 57 97 103 155 199 220 221 16 27 29 48 61 74 83 99 100 104 126 127 129 145 154 171 181 205 240 243 0 13 21 24 35 37 47 55 65 69 80 88 93 95 105 111 116 122 134 135 174 190 193 195 198 204 207 208 214 215 223 224 225 227 230 234 236 242 245 8 11 17 22 25 38 39 41 43 50 52 56 62 66 67 72 78 81 87 89 91 106 108 110 112 119 130 131 139 140 142 147 151 156 158 159 162 163 165 166 170 175 178 183 186 191 203 212 226 250 253 2 3 7 23 31 42 44 45 51 53 54 58 59 63 64 70 71 75 76 84 92 96 98 101 107 114 115 117 123 125 128 136 137 138 141 143 144 153 168 169 172 176 177 179 180 184 185 188 192 194 197 200 201 209 210 211 216 217 219 231 232 233 238 244 246 1 4 5 6 9 10 14 15 18 19 20 26 28 30 33 34 36 40 46 49 60 73 77 82 85 94 102 109 118 120 121 124 146 148 149 150 152 157 160 161 164 167 173 182 187 196 202 206 213 218 222 235 237 239 241 247 248 249 251 255
6 48 87 93 90 1 38 78 166 247 31 45 85 137 185 201 10 24 52 83 95 108 177 20 23 25 29 51 68 70 97 122 144 149 152 163 173 193 232 233 235 3 12 16 32 41 53 66 72 75 94 96 98 104 112 115 116 121 124 126 130 136 141 146 158 165 172 176 182 187 189 192 221 224 229 239 241 243 246 254 0 6 11 17 22 26 28 36 40 47 50 55 59 60 69 80 82 86 109 111 117 123 125 139 140 145 151 153 156 161 179 184 195 198 200 208 210 216 223 228 231 240 245 250 4 5 8 15 18 21 30 33 35 39 44 46 62 63 65 67 71 73 74 76 79 84 88 89 92 100 102 106 107 113 114 118 132 133 134 148 154 155 157 160 167 168 175 178 190 191 194 196 197 203 204 205 206 209 212 213 214 217 219 225 226 236 242 251 255 2 7 9 13 14 19 27 34 37 42 43 49 54 56 57 58 61 64 77 81 91 99 101 103 105 110 119 120 127 128 129 131 135 138 142 143 147 150 159 162 164 169 170 171 174 180 181 183 186 188 199 202 207 211 215 218 220 222 227 230 234 237 238 244 248 249 252 253
7 136 29 65 142 175 186 33 80 99 118 19 35 38 104 106 127 139 202 215 245 5 10 11 13 18 55 56 62 67 77 79 89 93 120 122 125 130 150 160 170 198 210 217 221 226 237 243 246 9 14 21 22 32 39 66 69 71 82 87 97 98 105 107 128 140 141 147 162 167 172 176 178 179 181 184 190 191 196 204 220 223 224 230 231 235 2 6 8 15 23 26 27 41 43 47 50 52 72 73 75 84 85 92 94 95 111 115 119 124 126 134 137 143 144 148 154 182 192 197 200 203 207 211 214 216 229 234 241 242 244 249 250 252 1 12 17 20 25 28 31 34 36 37 44 48 49 51 54 57 58 59 61 68 74 83 86 88 101 108 114 121 131 132 133 138 145 149 155 157 161 163 166 168 169 183 187 188 194 199 205 206 208 209 218 219 222 227 236 251 253 254 0 3 4 7 16 24 30 40 42 45 46 53 60 63 64 70 76 78 81 90 91 96 100 102 103 109 110 112 113 116 117 123 129 135 146 151 152 153 156 158 159 164 165 171 173 174 177 180 185 189 193 195 201 212 213 225 228 232 233 238 239 240 247 248 255
8 23 7 120 1 14 63 243 4 5 73 10 39 62 136 182 9 16 30 54 55 83 90 106 109 113 138 144 168 173 201 223 15 19 74 96 100 110 130 148 157 158 190 192 194 212 228 236 246 11 32 33 37 42 56 57 85 89 107 125 126 137 141 146 156 162 166 174 181 191 213 219 230 248 249 3 13 17 31 43 47 51 58 61 66 68 71 87 94 108 111 118 123 124 132 140 153 163 176 197 198 203 211 214 215 218 220 231 233 238 241 247 253 6 8 12 18 21 27 35 41 50 59 60 69 79 82 91 95 98 105 112 114 115 116 122 128 131 133 139 142 145 165 167 171 175 177 179 185 187 189 193 207 209 210 217 221 222 226 235 242 251 254 255 0 2 20 22 24 25 26 28 29 34 36 38 40 44 45 46 48 49 52 53 64 65 67 70 72 75 76 77 78 80 81 84 86 88 92 93 97 99 101 102 103 104 117 119 121 127 129 134 135 143 147 149 150 151 152 154 155 159 160 161 164 169 170 172 178 180 183 184 186 188 195 196 199 200 202 204 205 206 208 216 224 225 227 229 232 234 237 239 240 244 245 250 252
9 142 0 248 145 243 50 64 97 230 26 44 122 126 164 182 213 225 3 38 42 96 129 222 224 229 66 70 133 138 143 154 170 181 189 198 214 233 242 1 6 14 16 19 22 37 48 54 63 71 72 80 84 90 94 99 103 104 106 110 116 127 131 136 137 147 162 163 169 173 187 190 195 223 237 4 5 9 10 17 20 25 29 53 69 73 76 77 79 82 92 98 107 109 125 130 135 149 150 151 152 153 158 161 168 175 183 184 185 186 194 196 201 204 209 211 216 217 219 228 234 236 239 241 247 249 7 12 13 15 23 28 32 33 34 35 40 41 43 45 46 51 52 55 56 57 61 74 75 78 81 89 91 101 102 108 114 115 117 119 123 128 132 139 140 141 144 148 156 157 160 165 167 172 179 180 191 192 199 202 203 206 207 221 226 231 244 245 246 250 251 253 254 2 8 11 18 21 24 27 30 31 36 39 47 49 58 59 60 62 65 67 68 83 85 86 87 88 93 95 100 105 111 112 113 118 120 121 124 134 146 155 159 166 171 174 176 177 178 188 193 197 200 205 208 210 212 215 218 220 227 232 235 238 240 252 255
10 109 99 226 148 217 82 216 223 205 192 147 20 122 141 163 16 160 169 7 184 202 207 19 23 48 50 61 76 97 110 112 157 176 179 180 230 247 1 2 9 21 35 36 43 44 54 56 63 79 88 93 100 115 133 149 156 178 181 188 189 218 255 11 22 25 34 52 53 64 65 72 75 78 83 84 87 91 103 104 111 124 126 129 143 151 152 154 161 164 166 170 183 193 201 211 220 229 246 248 250 3 13 14 17 24 27 31 33 42 46 49 66 67 71 80 81 85 89 94 98 101 102 107 108 117 120 127 131 132 134 135 142 144 150 155 162 172 173 190 198 200 203 204 208 212 214 215 219 231 236 238 239 240 241 242 249 252 253 0 4 5 6 8 10 12 15 18 26 28 29 30 32 37 38 39 40 41 45 47 51 55 57 58 59 60 62 68 69 70 73 74 77 86 90 92 95 96 105 106 113 114 116 118 119 121 123 125 128 130 136 137 138 139 140 145 146 153 158 159 165 167 168 171 174 175 177 182 185 186 187 191 194 195 196 197 199 206 209 210 213 221 222 224 225 227 228 232 233 234 235 237 243 244 245 251 254
11 145 54 79 128 46 2 149 186 151 157 232 127 144 188 14 50 101 117 198 200 216 234 15 32 44 61 62 65 77 78 125 134 142 143 146 176 178 183 199 208 209 227 229 236 254 4 9 16 23 53 68 71 74 96 97 100 107 108 116 129 131 137 152 153 155 173 175 181 212 218 238 244 5 6 27 35 36 43 47 56 57 66 73 83 102 110 113 118 119 121 124 138 150 154 161 166 171 172 185 191 204 210 214 220 224 235 247 253 0 1 10 17 19 20 26 29 30 33 37 38 40 42 48 52 58 63 64 67 72 76 84 86 93 94 104 109 111 133 139 147 159 163 165 167 169 179 187 190 193 194 195 205 207 217 219 222 223 225 230 231 239 240 242 243 245 248 249 251 3 7 8 11 12 13 18 21 22 24 25 28 31 34 39 41 45 49 51 55 59 60 69 70 75 80 81 82 85 87 88 89 90 91 92 95 98 99 103 105 106 112 114 115 120 122 123 126 130 132 135 136 140 141 148 156 158 160 162 164 168 170 174 177 180 182 184 189 192 196 197 201 202 203 206 211 213 215 221 226 228 233 237 241 246 250 252 255
12 145 110 208 219 220 79 137 138 94 140 147 196 63 116 207 0 7 57 67 78 228 21 27 28 32 54 75 100 127 180 182 188 198 230 233 25 43 70 244 247 248 8 22 46 60 66 88 98 102 104 105 111 133 144 150 155 177 185 209 234 253 29 31 38 42 45 56 58 69 85 87 89 113 117 118 123 126 132 143 152 156 163 165 167 168 169 172 181 200 218 231 245 1 3 4 19 23 26 30 34 36 39 40 44 48 50 59 61 64 71 72 73 74 76 77 90 96 101 103 107 108 124 128 139 148 151 157 158 166 170 176 184 187 193 201 204 205 206 210 213 214 216 221 224 226 232 240 255 2 5 6 9 10 11 12 13 14 15 16 17 18 20 24 33 35 37 41 47 49 51 52 53 55 62 65 68 80 81 82 83 84 86 91 92 93 95 97 99 106 109 112 114 115 119 120 121 122 125 129 130 131 134 135 136 141 142 146 149 153 154 159 160 161 162 164 171 173 174 175 178 179 183 186 189 190 191 192 194 195 197 199 202 203 211 212 215 217 222 223 225 227 229 235 236 237 238 239 241 242 243 246 249 250 251 252 254
13 217 85 200 91 59 93 109 52 53 57 180 214 248 56 127 137 148 212 37 46 99 135 222 254 25 30 122 141 211 235 17 22 40 63 71 112 118 153 158 186 188 7 12 16 23 29 35 69 97 101 105 107 113 123 149 155 170 177 182 190 199 205 228 233 237 242 247 0 10 18 36 49 51 58 66 70 84 86 92 98 102 114 116 126 129 134 164 167 181 183 195 198 203 209 220 224 230 232 236 251 253 3 4 5 9 11 19 21 24 26 28 32 38 55 60 64 65 67 72 74 75 77 79 80 82 83 87 94 95 96 103 104 106 110 111 120 121 132 138 147 154 156 160 161 162 166 172 173 174 179 184 187 191 192 193 194 197 204 210 213 216 223 226 229 231 244 246 255 1 2 6 8 13 14 15 20 27 31 33 34 39 41 42 43 44 45 47 48 50 54 61 62 68 73 76 78 81 88 89 90 100 108 115 117 119 124 125 128 130 131 133 136 139 140 142 143 144 145 146 150 151 152 157 159 163 165 168 169 171 175 176 178 185 189 196 201 202 206 207 208 215 218 219 221 225 227 234 238 239 240 241 243 245 249 250 252
14 135 18 8 155 65 11 102 172 13 29 215 37 138 166 198 208 232 254 5 71 136 174 17 56 76 139 143 162 194 204 220 52 57 61 82 103 108 134 150 159 160 168 169 2 7 16 34 35 44 55 62 79 89 91 114 118 124 133 144 146 176 179 205 217 233 238 245 1 9 14 49 53 88 93 95 109 111 126 153 163 167 171 173 175 183 197 216 221 223 225 236 237 239 251 252 4 6 10 19 25 26 31 32 36 41 42 43 46 51 64 66 72 74 75 77 78 80 85 92 96 98 100 104 106 110 112 119 121 122 131 140 142 154 157 164 178 181 184 188 189 192 193 200 206 211 212 214 218 222 224 226 227 229 230 231 244 247 248 253 0 3 12 15 20 21 22 23 24 27 28 30 33 38 39 40 45 47 48 50 54 58 59 60 63 67 68 69 70 73 81 83 84 86 87 90 94 97 99 101 105 107 113 115 116 117 120 123 125 127 128 129 130 132 137 141 145 147 148 149 151 152 156 158 161 165 170 177 180 182 185 186 187 190 191 195 196 199 201 202 203 207 209 210 213 219 228 234 235 240 241 242 243 246 249 250 255
15 182 6 12 59 19 154 161 29 69 42 104 60 100 76 173 102 16 18 171 226 13 34 139 143 151 123 129 220 52 57 97 103 112 114 115 118 140 145 149 188 208 216 218 227 228 248 255 2 3 48 70 71 86 90 107 113 128 130 134 138 148 152 163 169 198 207 209 221 1 11 14 15 20 21 24 26 30 31 36 58 79 85 87 91 93 101 106 110 126 132 133 135 141 144 150 159 164 165 166 167 172 176 177 179 185 186 187 190 195 199 203 210 213 214 229 233 242 244 247 250 252 253 0 4 5 7 8 9 10 17 22 23 25 27 28 32 33 35 37 38 39 40 41 43 44 45 46 47 49 50 51 53 54 55 56 61 62 63 64 65 66 67 68 72 73 74 75 77 78 80 81 82 83 84 88 89 92 94 95 96 98 99 105 108 109 111 116 117 119 120 121 122 124 125 127 131 136 137 142 146 147 153 155 156 157 158 160 162 168 170 174 175 178 180 181 183 184 189 191 192 193 194 196 197 200 201 202 204 205 206 211 212 215 217 219 222 223 224 225 230 231 232 234 235 236 237 238 239 240 241 243 245 246 249 251 254
16 165 21 7 19 80 175 120 177 24 33 82 170 210 61 93 148 65 77 54 123 153 191 1 17 23 73 130 203 84 87 106 132 180 184 237 238 3 6 14 31 41 44 57 88 109 129 142 169 174 192 195 227 4 8 50 74 78 95 97 107 110 114 133 139 166 178 181 211 215 218 235 239 240 252 253 9 11 13 22 25 28 29 35 38 43 46 49 55 58 72 76 81 91 94 96 98 99 105 108 111 112 118 127 150 159 160 161 168 176 188 198 202 205 208 209 212 219 222 223 226 230 231 243 246 254 255 0 2 5 10 12 15 16 18 20 26 27 30 32 34 36 37 39 40 42 45 47 48 51 52 53 56 59 60 62 63 64 66 67 68 69 70 71 75 79 83 85 86 89 90 92 100 101 102 103 104 113 115 116 117 119 121 122 124 125 126 128 131 134 135 136 137 138 140 141 143 144 145 146 147 149 151 152 154 155 156 157 158 162 163 164 167 171 172 173 179 182 183 185 186 187 189 190 193 194 196 197 199 200 201 204 206 207 213 214 216 217 220 221 224 225 228 229 232 233 234 236 241 242 244 245 247 248 249 250 251
17 117 34 20 80 22 171 173 67 31 96 143 187 14 194 36 119 190 250 37 74 4 73 137 246 8 10 156 230 252 49 101 151 155 205 237 251 15 23 40 61 63 104 127 128 154 172 201 216 2 6 11 13 18 30 59 75 83 105 110 111 121 123 130 135 136 161 168 175 178 179 185 207 208 213 220 223 240 242 248 0 7 9 16 29 32 39 42 44 51 53 54 56 72 76 81 82 84 86 91 103 113 115 120 122 125 131 133 134 145 153 158 170 174 180 181 182 195 200 206 210 212 224 226 228 233 236 238 243 249 1 3 5 12 17 19 21 24 25 26 27 28 33 35 38 41 43 45 46 47 48 50 52 55 57 58 60 62 64 65 66 68 69 70 71 77 78 79 85 87 88 89 90 92 93 94 95 97 98 99 100 102 106 107 108 109 112 114 116 118 124 126 129 132 138 139 140 141 142 144 146 147 148 149 150 152 157 159 160 162 163 164 165 166 167 169 176 177 183 184 186 188 189 191 192 193 196 197 198 199 202 203 204 209 211 214 215 217 218 219 221 222 225 227 229 231 232 234 235 239 241 244 245 247 253 254 255
18 46 33 174 190 101 55 188 5 57 124 162 131 179 27 59 185 53 184 72 76 84 93 114 238 69 73 132 242 71 96 122 144 209 13 38 42 70 97 115 118 130 143 200 208 14 39 51 78 86 89 90 102 125 150 157 201 210 213 214 225 251 0 1 18 20 26 40 47 49 56 62 63 79 80 91 92 94 105 106 116 127 134 149 159 160 161 171 172 176 182 186 197 199 204 207 215 233 249 2 3 4 6 7 8 9 10 11 12 15 16 17 19 21 22 23 24 25 28 29 30 31 32 34 35 36 37 41 43 44 45 48 50 52 54 58 60 61 64 65 66 67 68 74 75 77 81 82 83 85 87 88 95 98 99 100 103 104 107 108 109 110 111 112 113 117 119 120 121 123 126 128 129 133 135 136 137 138 139 140 141 142 145 146 147 148 151 152 153 154 155 156 158 163 164 165 166 167 168 169 170 173 175 177 178 180 181 183 187 189 191 192 193 194 195 196 198 202 203 205 206 211 212 216 217 218 219 220 221 222 223 224 226 227 228 229 230 231 232 234 235 236 237 239 240 241 243 244 245 246 247 248 250 252 253 254 255
19 239 135 179 108 2 53 64 158 241 27 14 69 100 172 173 185 187 55 62 94 155 208 28 37 151 253 255 24 63 76 104 106 118 126 1 8 49 117 171 196 207 235 249 40 52 143 175 193 197 211 233 9 31 54 58 61 105 110 199 202 204 215 219 230 237 247 252 4 20 34 35 42 43 44 51 57 70 78 81 84 85 95 103 109 115 119 125 132 134 153 159 162 164 170 177 181 189 213 243 0 3 5 6 7 10 11 12 13 15 16 17 18 19 21 22 23 25 26 29 30 32 33 36 38 39 41 45 46 47 48 50 56 59 60 65 66 67 68 71 72 73 74 75 77 79 80 82 83 86 87 88 89 90 91 92 93 96 97 98 99 101 102 107 111 112 113 114 116 120 121 122 123 124 127 128 129 130 131 133 136 137 138 139 140 141 142 144 145 146 147 148 149 150 152 154 156 157 160 161 163 165 166 167 168 169 174 176 178 180 182 183 184 186 188 190 191 192 194 195 198 200 201 203 205 206 209 210 212 214 216 217 218 220 221 222 223 224 225 226 227 228 229 231 232 234 236 238 240 242 244 245 246 248 250 251 254
20 91 182 56 149 231 25 57 201 67 41 49 207 200 60 233 235 120 138 174 99 128 192 237 42 90 107 144 221 146 188 194 229 239 4 14 54 114 126 136 165 172 179 238 243 0 29 31 33 38 68 71 96 97 119 130 133 157 159 160 185 190 196 199 205 211 223 247 251 1 3 7 18 20 24 27 44 52 53 58 64 66 72 73 76 79 80 82 93 100 101 112 115 116 129 134 158 162 168 170 176 177 178 183 184 187 191 216 217 227 234 252 255 2 5 6 8 9 10 11 12 13 15 16 17 19 21 22 23 26 28 30 32 34 35 36 37 39 40 43 45 46 47 48 50 51 55 59 61 62 63 65 69 70 74 75 77 78 81 83 84 85 86 87 88 89 92 94 95 98 102 103 104 105 106 108 109 110 111 113 117 118 121 122 123 124 125 127 131 132 135 137 139 140 141 142 143 145 147 148 150 151 152 153 154 155 156 161 163 164 166 167 169 171 173 175 180 181 186 189 193 195 197 198 202 203 204 206 208 209 210 212 213 214 215 218 219 220 222 224 225 226 228 230 232 236 240 241 242 244 245 246 248 249 250 253 254
21 168 6 55 227 95 37 184 84 196 14 225 26 63 71 75 89 211 223 103 29 34 70 101 171 177 193 232 243 249 9 104 112 119 144 181 183 190 198 205 240 11 47 62 110 162 179 197 204 214 231 254 0 19 41 50 53 69 94 107 111 127 134 136 187 201 209 210 216 219 247 3 4 5 8 12 18 20 22 23 28 43 49 60 68 72 73 90 96 98 102 105 114 121 122 124 126 132 133 141 147 148 150 156 166 167 182 185 192 207 238 242 244 245 246 1 2 7 10 13 15 16 17 21 24 25 27 30 31 32 33 35 36 38 39 40 42 44 45 46 48 51 52 54 56 57 58 59 61 64 65 66 67 74 76 77 78 79 80 81 82 83 85 86 87 88 91 92 93 97 99 100 106 108 109 113 115 116 117 118 120 123 125 128 129 130 131 135 137 138 139 140 142 143 145 146 149 151 152 153 154 155 157 158 159 160 161 163 164 165 169 170 172 173 174 175 176 178 180 186 188 189 191 194 195 199 200 202 203 206 208 212 213 215 217 218 220 221 222 224 226 228 229 230 233 234 235 236 237 239 241 248 250 251 252 253 255
22 238 221 191 109 193 133 186 30 222 252 26 89 107 140 142 23 31 200 9 18 91 152 173 15 35 38 97 123 137 169 6 7 55 65 77 113 122 167 13 29 39 45 46 81 98 108 151 154 170 184 242 244 246 0 10 16 28 48 54 57 60 68 87 92 96 114 116 124 132 139 141 164 178 179 182 192 194 199 204 207 213 241 243 245 247 251 2 4 8 14 20 22 34 43 49 52 58 59 69 70 73 76 80 82 84 93 105 106 112 119 128 130 144 146 150 153 156 168 171 174 175 180 181 183 189 196 202 205 211 224 227 228 231 233 240 248 250 1 3 5 11 12 17 19 21 24 25 27 32 33 36 37 40 41 42 44 47 50 51 53 56 61 62 63 64 66 67 71 72 74 75 78 79 83 85 86 88 90 94 95 99 100 101 102 103 104 110 111 115 117 118 120 121 125 126 127 129 131 134 135 136 138 143 145 147 148 149 155 157 158 159 160 161 162 163 165 166 172 176 177 185 187 188 190 195 197 198 201 203 206 208 209 210 212 214 215 216 217 218 219 220 223 225 226 229 230 232 234 235 236 237 239 249 253 254 255
23 85 216 211 82 113 160 57 106 145 171 20 27 36 23 164 1 38 53 117 121 193 201 206 247 73 83 94 132 133 189 0 21 66 67 68 77 107 112 158 161 174 196 215 229 233 242 245 255 6 16 25 33 35 43 52 59 64 72 88 90 108 119 124 135 169 176 187 195 209 212 218 221 223 227 236 238 241 2 18 37 39 58 61 69 75 76 84 86 92 123 125 127 129 139 146 147 155 167 175 182 183 186 192 194 202 251 7 14 19 22 32 34 41 44 48 50 56 78 89 91 93 99 100 105 109 114 118 136 149 162 165 172 177 180 198 199 203 204 213 214 220 222 226 228 231 243 244 250 252 254 3 4 5 8 9 10 11 12 13 15 17 24 26 28 29 30 31 40 42 45 46 47 49 51 54 55 60 62 63 65 70 71 74 79 80 81 87 95 96 97 98 101 102 103 104 110 111 115 116 120 122 126 128 130 131 134 137 138 140 141 142 143 144 148 150 151 152 153 154 156 157 159 163 166 168 170 173 178 179 181 184 185 188 190 191 197 200 205 207 208 210 217 219 224 225 230 232 234 235 237 239 240 246 248 249 253
24 25 45 198 232 72 86 92 109 168 182 217 219 238 252 34 60 100 160 162 213 70 101 107 130 190 28 43 93 94 120 161 195 5 38 103 113 115 133 139 149 158 165 181 187 191 202 203 206 227 239 241 10 13 22 64 88 108 145 155 169 172 174 175 178 189 216 223 242 254 23 37 44 51 56 61 62 69 74 77 78 81 89 102 112 114 116 118 124 131 132 135 138 144 148 156 170 173 186 188 194 197 200 210 214 229 243 244 249 255 0 4 6 7 17 18 20 21 30 35 41 46 48 53 80 95 96 106 119 121 122 123 125 128 137 141 142 150 164 166 177 180 193 199 204 208 211 218 231 233 234 236 240 245 248 1 2 3 8 9 11 12 14 15 16 19 24 26 27 29 31 32 33 36 39 40 42 47 49 50 52 54 55 57 58 59 63 65 66 67 68 71 73 75 76 79 82 83 84 85 87 90 91 97 98 99 104 105 110 111 117 126 127 129 134 136 140 143 146 147 151 152 153 154 157 159 163 167 171 176 179 183 184 185 192 196 201 205 207 209 212 215 220 221 222 224 225 226 228 230 235 237 246 247 250 251 253
25 52 248 144 85 207 125 58 175 137 27 81 154 201 224 2 88 124 130 132 165 169 200 23 61 71 139 140 158 184 186 220 250 10 22 87 117 142 209 229 240 3 5 11 25 36 43 47 49 50 51 60 63 70 101 127 129 138 163 170 174 176 180 187 197 211 226 255 1 4 8 24 26 34 56 65 75 90 97 99 102 103 111 131 133 134 135 149 162 168 178 188 189 202 204 227 230 234 236 238 7 9 13 16 18 20 28 29 32 33 38 39 40 42 44 54 55 59 72 74 76 78 83 89 92 98 100 108 115 128 136 141 143 145 152 156 160 164 173 177 183 194 208 214 215 217 219 223 232 239 243 246 254 0 6 12 14 15 17 19 21 30 31 35 37 41 45 46 48 53 57 62 64 66 67 68 69 73 77 79 80 82 84 86 91 93 94 95 96 104 105 106 107 109 110 112 113 114 116 118 119 120 121 122 123 126 146 147 148 150 151 153 155 157 159 161 166 167 171 172 179 181 182 185 190 191 192 193 195 196 198 199 203 205 206 210 212 213 216 218 221 222 225 228 231 233 235 237 241 242 244 245 247 249 251 252 253
26 233 94 140 156 174 163 46 35 125 234 37 44 235 9 159 177 208 73 134 162 213 6 20 26 56 113 127 165 211 247 12 16 27 36 38 47 48 74 135 157 187 200 223 255 0 28 29 57 86 95 139 148 170 192 207 219 227 237 239 242 244 249 250 253 254 4 8 11 23 32 34 42 53 58 64 66 71 76 78 89 97 112 120 132 137 145 152 168 172 190 193 199 203 210 217 225 231 241 245 1 5 22 25 33 40 41 50 68 79 80 85 93 101 103 106 109 111 114 115 116 124 131 143 158 160 180 181 182 183 184 185 186 198 206 212 228 230 236 243 248 251 2 3 7 10 13 14 15 17 18 19 21 24 30 31 39 43 45 49 51 52 54 55 59 60 61 62 63 65 67 69 70 72 75 77 81 82 83 84 87 88 90 91 92 96 98 99 100 102 104 105 107 108 110 117 118 119 121 122 123 126 128 129 130 133 136 138 141 142 144 146 147 149 150 151 153 154 155 161 164 166 167 169 171 173 175 176 178 179 188 189 191 194 195 196 197 201 202 204 205 209 214 215 216 218 220 221 222 224 226 229 232 238 240 246 252
27 85 184 58 47 157 156 243 16 152 12 13 181 65 158 231 53 169 33 192 8 22 34 83 2 49 70 78 115 142 147 198 204 227 248 25 27 37 57 60 77 93 99 106 107 119 125 136 170 174 183 185 194 209 210 218 238 246 250 1 10 17 24 31 38 67 68 71 75 76 90 95 97 100 120 141 150 163 172 176 177 212 219 220 225 226 241 242 245 6 11 19 20 23 26 30 32 40 41 50 63 69 73 74 80 81 88 94 98 103 108 109 123 124 129 130 132 137 143 146 149 155 162 164 175 178 182 191 195 200 205 211 214 215 217 222 234 237 240 251 254 255 0 3 4 5 7 9 14 15 18 21 28 29 35 36 39 42 43 44 45 46 48 51 52 54 55 56 59 61 62 64 66 72 79 82 84 86 87 89 91 92 96 101 102 104 105 110 111 112 113 114 116 117 118 121 122 126 127 128 131 133 134 135 138 139 140 144 145 148 151 153 154 159 160 161 165 166 167 168 171 173 179 180 186 187 188 189 190 193 196 197 199 201 202 203 206 207 208 213 216 221 223 224 228 229 230 232 233 235 236 239 244 247 249 252 253
28 142 151 208 210 173 179 243 96 105 11 12 94 146 157 114 126 192 216 4 23 231 1 20 21 38 44 48 82 101 117 139 166 185 200 227 15 100 140 150 193 197 214 219 239 8 9 13 22 45 51 55 65 68 73 81 102 103 162 191 195 207 223 228 237 7 10 14 18 37 46 49 58 64 76 80 84 109 122 132 134 156 164 168 169 184 213 233 234 247 254 5 28 29 32 35 39 40 47 53 62 75 79 83 87 93 97 98 120 125 128 138 154 155 158 159 170 171 176 178 180 182 196 203 209 225 230 242 245 248 0 2 3 6 16 17 19 24 25 26 27 30 31 33 34 36 41 42 43 50 52 54 56 57 59 60 61 63 66 67 69 70 71 72 74 77 78 85 86 88 89 90 91 92 95 99 104 106 107 108 110 111 112 113 115 116 118 119 121 123 124 127 129 130 131 133 135 136 137 141 143 144 145 147 148 149 152 153 160 161 163 165 167 172 174 175 177 181 183 186 187 188 189 190 194 198 199 201 202 204 205 206 211 212 215 217 218 220 221 222 224 226 229 232 235 236 238 240 241 244 246 249 250 251 252 253 255
29 12 145 240 163 11 39 17 50 60 67 118 142 206 224 5 192 215 36 64 91 103 139 207 246 24 27 65 151 156 157 14 33 79 127 175 204 223 248 252 1 10 19 38 42 56 62 83 84 93 115 124 141 144 148 161 178 221 9 13 25 28 41 43 46 47 48 63 66 70 75 80 99 102 104 105 111 121 125 129 155 167 169 174 185 208 209 251 0 7 8 16 22 30 34 35 40 45 49 53 54 59 68 85 96 98 112 113 116 117 134 135 140 154 160 181 183 184 187 189 196 197 201 205 210 219 225 227 232 233 245 247 253 2 3 4 6 15 18 20 21 23 26 29 31 32 37 44 51 52 55 57 58 61 69 71 72 73 74 76 77 78 81 82 86 87 88 89 90 92 94 95 97 100 101 106 107 108 109 110 114 119 120 122 123 126 128 130 131 132 133 136 137 138 143 146 147 149 150 152 153 158 159 162 164 165 166 168 170 171 172 173 176 177 179 180 182 186 188 190 191 193 194 195 198 199 200 202 203 211 212 213 214 216 217 218 220 222 226 228 229 230 231 234 235 236 237 238 239 241 242 243 244 249 250 254 255
30 29 169 46 132 60 158 190 228 90 110 181 248 180 231 117 59 114 211 227 25 32 80 118 123 164 243 27 30 87 89 210 253 36 67 94 112 120 208 241 14 16 26 50 73 93 104 105 106 111 127 130 165 172 185 209 216 219 18 62 65 74 86 88 91 108 131 146 147 153 166 175 182 201 207 222 229 238 245 249 5 6 12 13 15 31 43 47 51 53 57 58 63 64 72 77 84 85 92 96 97 100 103 119 124 125 133 135 138 145 160 162 163 170 174 178 179 188 196 199 204 206 215 218 236 237 239 246 254 0 1 2 3 4 7 8 9 10 11 17 19 20 21 22 23 24 28 33 34 35 37 38 39 40 41 42 44 45 48 49 52 54 55 56 61 66 68 69 70 71 75 76 78 79 81 82 83 95 98 99 101 102 107 109 113 115 116 121 122 126 128 129 134 136 137 139 140 141 142 143 144 148 149 150 151 152 154 155 156 157 159 161 167 168 171 173 176 177 183 184 186 187 189 191 192 193 194 195 197 198 200 202 203 205 212 213 214 217 220 221 223 224 225 226 230 232 233 234 235 240 242 244 247 250 251 252 255
31 198 125 166 170 236 122 179 134 195 26 234 18 186 161 168 76 102 131 1 71 160 43 82 199 200 215 3 21 24 27 48 143 176 206 221 230 237 254 11 33 62 69 132 140 154 171 223 241 39 47 55 59 60 64 81 92 97 113 117 126 145 182 191 211 212 225 238 5 6 17 19 20 34 42 44 45 49 54 58 61 66 74 77 88 89 106 116 128 135 136 138 141 144 150 152 156 174 177 181 189 194 202 220 224 231 248 0 2 4 7 8 9 10 12 13 14 15 16 22 23 25 28 29 30 31 32 35 36 37 38 40 41 46 50 51 52 53 56 57 63 65 67 68 70 72 73 75 78 79 80 83 84 85 86 87 90 91 93 94 95 96 98 99 100 101 103 104 105 107 108 109 110 111 112 114 115 118 119 120 121 123 124 127 129 130 133 137 139 142 146 147 148 149 151 153 155 157 158 159 162 163 164 165 167 169 172 173 175 178 180 183 184 185 187 188 190 192 193 196 197 201 203 204 205 207 208 209 210 213 214 216 217 218 219 222 226 227 228 229 232 233 235 239 240 242 243 244 245 246 247 249 250 251 252 253 255
32 87 23 46 157 199 37 45 182 59 177 207 255 153 53 7 84 70 214 235 25 60 97 138 92 111 145 185 195 224 26 28 62 154 217 8 73 81 147 162 193 200 35 58 69 83 98 109 127 136 191 197 218 221 225 228 229 231 233 238 241 254 24 51 66 75 112 115 180 190 222 236 253 1 2 19 20 36 56 61 63 65 68 74 99 101 103 108 126 135 149 159 164 169 196 202 205 213 216 220 227 0 3 4 5 6 9 10 11 12 13 14 15 16 17 18 21 22 27 29 30 31 32 33 34 38 39 40 41 42 43 44 47 48 49 50 52 54 55 57 64 67 71 72 76 77 78 79 80 82 85 86 88 89 90 91 93 94 95 96 100 102 104 105 106 107 110 113 114 116 117 118 119 120 121 122 123 124 125 128 129 130 131 132 133 134 137 139 140 141 142 143 144 146 148 150 151 152 155 156 158 160 161 163 165 166 167 168 170 171 172 173 174 175 176 178 179 181 183 184 186 187 188 189 192 194 198 201 203 204 206 208 209 210 211 212 215 219 223 226 230 232 234 237 239 240 242 243 244 245 246 247 248 249 250 251 252
33 77 59 235 20 220 80 252 156 164 44 127 146 2 69 78 184 221 88 98 233 60 50 91 121 170 210 212 238 12 53 84 115 141 172 188 243 19 28 29 79 82 87 94 97 112 152 157 218 245 254 0 3 9 11 16 17 22 26 31 63 65 67 90 92 111 132 133 139 151 155 213 217 224 226 232 234 242 249 1 15 24 36 37 41 45 46 47 51 52 55 56 58 62 76 83 95 103 116 130 131 136 138 147 163 167 174 175 181 186 187 189 198 201 202 241 4 5 6 7 8 10 13 14 18 21 23 25 27 30 32 33 34 35 38 39 40 42 43 48 49 54 57 61 64 66 68 70 71 72 73 74 75 81 85 86 89 93 96 99 100 101 102 104 105 106 107 108 109 110 113 114 117 118 119 120 122 123 124 125 126 128 129 134 135 137 140 142 143 144 145 148 149 150 153 154 158 159 160 161 162 165 166 168 169 171 173 176 177 178 179 180 182 183 185 190 191 192 193 194 195 196 197 199 200 203 204 205 206 207 208 209 211 214 215 216 219 222 223 225 227 228 229 230 231 236 237 239 240 244 246 247 248 250 251 253 255
34 191 185 44 156 172 32 130 67 18 65 251 41 72 94 143 16 17 198 229 39 28 80 88 89 104 146 150 179 197 227 64 82 116 151 158 192 208 242 87 92 119 136 159 193 2 6 29 49 63 75 93 103 126 145 176 180 203 211 3 35 58 71 84 90 98 120 124 137 147 183 195 199 215 231 240 1 4 9 10 11 19 21 23 26 27 34 50 55 69 78 83 96 102 105 115 118 134 148 165 173 178 187 189 224 228 234 235 239 244 246 0 5 7 8 12 13 14 15 20 22 24 25 30 31 33 36 37 38 40 42 43 45 46 47 48 51 52 53 54 56 57 59 60 61 62 66 68 70 73 74 76 77 79 81 85 86 91 95 97 99 100 101 106 107 108 109 110 111 112 113 114 117 121 122 123 125 127 128 129 131 132 133 135 138 139 140 141 142 144 149 152 153 154 155 157 160 161 162 163 164 166 167 168 169 170 171 174 175 177 181 182 184 186 188 190 194 196 200 201 202 204 205 206 207 209 210 212 213 214 216 217 218 219 220 221 222 223 225 226 230 232 233 236 237 238 241 243 245 247 248 249 250 252 253 254 255
35 35 189 100 108 117 159 252 246 40 135 8 34 86 106 224 83 168 185 203 45 94 177 31 32 46 74 129 147 155 210 15 19 21 64 140 156 167 178 215 240 14 49 51 52 95 112 163 172 202 208 5 13 17 37 50 91 92 93 99 109 110 116 144 152 218 226 227 229 230 247 1 2 9 10 11 16 22 25 29 30 47 60 63 65 69 75 79 102 119 125 132 133 137 141 149 157 160 171 181 183 184 193 200 207 209 219 223 233 234 235 248 0 3 4 6 7 12 18 20 23 24 26 27 28 33 36 38 39 41 42 43 44 48 53 54 55 56 57 58 59 61 62 66 67 68 70 71 72 73 76 77 78 80 81 82 84 85 87 88 89 90 96 97 98 101 103 104 105 107 111 113 114 115 118 120 121 122 123 124 126 127 128 130 131 134 136 138 139 142 143 145 146 148 150 151 153 154 158 161 162 164 165 166 169 170 173 174 175 176 179 180 182 186 187 188 190 191 192 194 195 196 197 198 199 201 204 205 206 211 212 213 214 216 217 220 221 222 225 228 231 232 236 237 238 239 241 242 243 244 245 249 250 251 253 254 255
36 143 128 190 45 158 177 240 74 104 89 95 119 142 221 106 48 232 22 29 33 54 110 123 172 174 249 9 62 84 97 112 170 196 223 224 253 255 30 36 38 51 58 70 75 111 126 127 154 162 166 181 193 214 217 35 61 63 80 90 101 113 131 135 136 138 139 144 147 152 165 180 208 220 222 233 237 3 10 16 27 46 49 50 53 71 92 107 121 125 130 153 156 157 161 163 167 178 183 185 194 195 199 212 225 229 235 241 252 0 1 2 4 5 6 7 8 11 12 13 14 15 17 18 19 20 21 23 24 25 26 28 31 32 34 37 39 40 41 42 43 44 47 52 55 56 57 59 60 64 65 66 67 68 69 72 73 76 77 78 79 81 82 83 85 86 87 88 91 93 94 96 98 99 100 102 103 105 108 109 114 115 116 117 118 120 122 124 129 132 133 134 137 140 141 145 146 148 149 150 151 155 159 160 164 168 169 171 173 175 176 179 182 184 186 187 188 189 191 192 197 198 200 201 202 203 204 205 206 207 209 210 211 213 215 216 218 219 226 227 228 230 231 234 236 238 239 242 243 244 245 246 247 248 250 251 254
37 20 91 220 8 96 66 164 142 159 211 117 240 62 99 100 153 154 221 186 206 17 55 69 144 233 0 172 175 205 214 224 227 10 26 35 44 73 114 127 162 166 181 193 223 45 52 80 82 83 102 140 165 169 173 207 216 226 1 16 47 56 58 110 115 125 130 163 184 185 187 196 208 210 2 4 9 14 19 32 40 50 51 63 64 84 85 90 106 112 116 120 121 136 139 151 157 161 177 190 200 203 209 217 229 231 235 237 239 244 252 254 3 5 6 7 11 12 13 15 18 21 22 23 24 25 27 28 29 30 31 33 34 36 37 38 39 41 42 43 46 48 49 53 54 57 59 60 61 65 67 68 70 71 72 74 75 76 77 78 79 81 86 87 88 89 92 93 94 95 97 98 101 103 104 105 107 108 109 111 113 118 119 122 123 124 126 128 129 131 132 133 134 135 137 138 141 143 145 146 147 148 149 150 152 155 156 158 160 167 168 170 171 174 176 178 179 180 182 183 188 189 191 192 194 195 197 198 199 201 202 204 212 213 215 218 219 222 225 228 230 232 234 236 238 241 242 243 245 246 247 248 249 250 251 253 255
38 98 66 7 168 109 187 3 117 162 225 28 93 145 25 75 100 101 149 154 199 59 102 243 54 244 0 6 9 14 15 57 141 172 216 237 248 1 2 76 96 106 113 196 241 245 253 12 24 62 65 82 91 95 99 103 140 143 194 201 202 208 226 11 16 17 18 20 34 38 47 55 85 87 89 94 114 118 133 152 155 164 185 192 217 231 239 251 13 19 33 36 40 42 44 45 46 53 60 64 73 83 115 122 124 125 127 130 134 146 151 157 170 179 180 189 190 200 207 218 222 228 229 234 249 250 4 5 8 10 21 22 23 26 27 29 30 31 32 35 37 39 41 43 48 49 50 51 52 56 58 61 63 67 68 69 70 71 72 74 77 78 79 80 81 84 86 88 90 92 97 104 105 107 108 110 111 112 116 119 120 121 123 126 128 129 131 132 135 136 137 138 139 142 144 147 148 150 153 156 158 159 160 161 163 165 166 167 169 171 173 174 175 176 177 178 181 182 183 184 186 188 191 193 195 197 198 203 204 205 206 209 210 211 212 213 214 215 219 220 221 223 224 227 230 232 233 235 236 238 240 242 246 247 252 254 255
39 190 147 199 100 215 140 174 176 246 35 182 16 157 175 29 36 66 103 161 222 251 183 184 226 238 0 23 28 94 122 153 210 212 245 12 30 64 78 98 148 186 20 32 34 46 60 96 126 171 178 235 239 249 253 5 26 45 49 53 75 82 95 146 159 180 196 197 208 220 236 8 10 13 33 47 48 50 56 63 65 70 71 73 84 86 90 99 104 108 109 113 120 128 129 131 137 154 156 160 165 166 168 189 200 204 216 217 223 229 231 243 252 1 2 3 4 6 7 9 11 14 15 17 18 19 21 22 24 25 27 31 37 38 39 40 41 42 43 44 51 52 54 55 57 58 59 61 62 67 68 69 72 74 76 77 79 80 81 83 85 87 88 89 91 92 93 97 101 102 105 106 107 110 111 112 114 115 116 117 118 119 121 123 124 125 127 130 132 133 134 135 136 138 139 141 142 143 144 145 149 150 151 152 155 158 162 163 164 167 169 170 172 173 177 179 181 185 187 188 191 192 193 194 195 198 201 202 203 205 206 207 209 211 213 214 218 219 221 224 225 227 228 230 232 233 234 237 240 241 242 244 247 248 250 254 255
40 40 33 205 78 83 209 164 199 196 217 184 49 18 70 115 188 162 230 244 35 59 148 151 208 2 20 75 161 166 206 22 43 88 109 163 165 212 234 248 0 4 34 46 51 60 96 102 120 182 15 19 32 47 54 57 63 80 86 87 95 110 113 114 124 127 139 142 169 175 190 195 198 200 204 211 224 226 238 241 249 1 5 9 14 23 31 42 48 52 58 62 73 84 91 99 103 111 112 116 122 129 138 140 144 147 150 152 153 159 160 174 176 178 179 183 185 194 216 219 229 231 237 254 255 3 6 7 8 10 11 12 13 16 17 21 24 25 26 27 28 29 30 36 37 38 39 41 44 45 50 53 55 56 61 64 65 66 67 68 69 71 72 74 76 77 79 81 82 85 89 90 92 93 94 97 98 100 101 104 105 106 107 108 117 118 119 121 123 125 126 128 130 131 132 133 134 135 136 137 141 143 145 146 149 154 155 156 157 158 167 168 170 171 172 173 177 180 181 186 187 189 191 192 193 197 201 202 203 207 210 213 214 215 218 220 221 222 223 225 227 228 232 233 235 236 239 240 242 243 245 246 247 250 251 252 253
41 213 220 28 96 23 56 160 119 25 55 69 177 214 6 30 71 183 97 100 167 208 221 35 80 173 24 78 95 140 165 202 217 10 19 47 50 74 158 162 11 27 49 65 77 101 143 149 155 169 182 212 228 233 235 241 250 22 29 44 66 81 98 137 144 159 168 170 194 198 199 226 229 230 1 8 26 33 40 41 42 43 59 70 73 76 84 87 89 102 116 129 141 146 148 150 180 181 186 189 192 193 206 209 216 219 224 238 240 248 249 252 0 2 3 4 5 7 9 12 13 14 15 16 17 18 20 21 31 32 34 36 37 38 39 45 46 48 51 52 53 54 57 58 60 61 62 63 64 67 68 72 75 79 82 83 85 86 88 90 91 92 93 94 99 103 104 105 106 107 108 109 110 111 112 113 114 115 117 118 120 121 122 123 124 125 126 127 128 130 131 132 133 134 135 136 138 139 142 145 147 151 152 153 154 156 157 161 163 164 166 171 172 174 175 176 178 179 184 185 187 188 190 191 195 196 197 200 201 203 204 205 207 210 211 215 218 222 223 225 227 231 232 234 236 237 239 242 243 244 245 246 247 251 253 254 255
42 169 179 116 226 7 15 190 46 143 154 107 113 134 38 148 194 223 240 9 69 123 184 192 196 242 62 89 94 104 130 209 252 56 81 97 137 141 202 203 211 212 219 3 68 70 91 101 119 168 177 195 216 0 5 28 43 51 53 61 87 92 95 96 100 103 105 152 156 180 181 197 205 206 220 236 250 251 6 8 10 11 13 17 20 23 25 27 31 32 33 34 48 55 57 71 72 74 75 77 86 88 90 93 108 111 118 120 124 126 128 131 133 136 140 145 150 163 164 178 183 187 189 193 198 200 208 217 218 221 224 225 229 233 244 245 246 1 2 4 12 14 16 18 19 21 22 24 26 29 30 35 36 37 39 40 41 42 44 45 47 49 50 52 54 58 59 60 63 64 65 66 67 73 76 78 79 80 82 83 84 85 98 99 102 106 109 110 112 114 115 117 121 122 125 127 129 132 135 138 139 142 144 146 147 149 151 153 155 157 158 159 160 161 162 165 166 167 170 171 172 173 174 175 176 182 185 186 188 191 199 201 204 207 210 213 214 215 222 227 228 230 231 232 234 235 237 238 239 241 243 247 248 249 253 254 255
43 125 68 173 118 33 224 77 45 250 223 148 159 56 74 126 129 172 178 210 67 89 97 192 18 115 169 181 185 229 237 243 22 43 44 80 95 105 107 120 133 143 176 177 242 5 28 32 47 49 71 94 114 116 124 142 146 180 199 201 204 235 255 25 30 48 51 87 93 98 127 131 145 154 160 165 166 171 175 196 198 200 202 207 211 0 4 7 16 31 34 40 42 52 54 58 62 83 88 90 102 109 111 128 137 138 139 140 147 153 157 161 162 174 186 187 194 197 203 205 216 221 226 227 231 239 252 254 1 2 3 6 8 9 10 11 12 13 14 15 17 19 20 21 23 24 26 27 29 35 36 37 38 39 41 46 50 53 55 57 59 60 61 63 64 65 66 69 70 72 73 75 76 78 79 81 82 84 85 86 91 92 96 99 100 101 103 104 106 108 110 112 113 117 119 121 122 123 130 132 134 135 136 141 144 149 150 151 152 155 156 158 163 164 167 168 170 179 182 183 184 188 189 190 191 193 195 206 208 209 212 213 214 215 217 218 219 220 222 225 228 230 232 233 234 236 238 240 241 244 245 246 247 248 249 251 253
44 79 246 73 127 63 252 210 184 51 212 82 92 2 126 187 16 151 39 71 98 220 15 42 221 222 247 0 31 56 74 75 76 120 179 192 197 202 203 248 18 23 26 54 55 62 66 103 106 113 121 188 199 225 244 253 4 21 25 36 49 69 93 104 118 123 129 142 162 164 175 178 186 215 242 6 8 10 19 30 37 38 46 52 58 72 80 87 90 96 100 101 102 111 122 132 136 138 143 144 149 150 152 153 166 169 171 173 174 176 191 195 209 211 213 216 217 233 251 255 1 3 5 7 9 11 12 13 14 17 20 22 24 27 28 29 32 33 34 35 40 41 43 44 45 47 48 50 53 57 59 60 61 64 65 67 68 70 77 78 81 83 84 85 86 88 89 91 94 95 97 99 105 107 108 109 110 112 114 115 116 117 119 124 125 128 130 131 133 134 135 137 139 140 141 145 146 147 148 154 155 156 157 158 159 160 161 163 165 167 168 170 172 177 180 181 182 183 185 189 190 193 194 196 198 200 201 204 205 206 207 208 214 218 219 223 224 226 227 228 229 230 231 232 234 235 236 237 238 239 240 241 243 245 249 250 254
45 14 60 248 174 108 31 151 63 104 155 255 11 252 10 64 170 180 175 13 50 88 156 161 232 235 15 99 132 150 167 202 24 29 53 114 115 127 186 219 223 231 9 16 19 30 39 54 68 138 157 173 179 215 229 237 254 6 8 22 36 41 44 79 90 107 118 119 120 128 129 136 147 148 165 166 183 211 226 247 1 5 12 20 42 45 56 58 59 67 69 71 75 76 78 91 96 97 101 103 105 106 112 113 122 130 131 139 164 168 169 172 176 177 178 182 192 200 208 209 217 227 228 238 241 243 250 251 0 2 3 4 7 17 18 21 23 25 26 27 28 32 33 34 35 37 38 40 43 46 47 48 49 51 52 55 57 61 62 65 66 70 72 73 74 77 80 81 82 83 84 85 86 87 89 92 93 94 95 98 100 102 109 110 111 116 117 121 123 124 125 126 133 134 135 137 140 141 142 143 144 145 146 149 152 153 154 158 159 160 162 163 171 181 184 185 187 188 189 190 191 193 194 195 196 197 198 199 201 203 204 205 206 207 210 212 213 214 216 218 220 221 222 224 225 230 233 234 236 239 240 242 244 245 246 249 253
46 126 30 250 166 147 159 82 201 79 93 94 104 148 175 220 192 16 156 228 244 181 6 47 96 115 117 121 155 185 223 1 17 26 74 76 78 118 119 173 222 0 14 23 33 36 40 49 68 86 125 182 189 196 197 202 212 219 227 229 251 18 31 43 46 48 71 73 80 85 90 95 103 107 113 124 130 143 151 152 158 170 179 205 207 233 239 245 247 3 4 8 10 15 20 22 24 27 34 75 81 88 89 98 106 108 116 120 123 140 142 154 157 169 183 184 186 193 203 206 208 211 216 230 232 236 238 252 2 5 7 9 11 12 13 19 21 25 28 29 32 35 37 38 39 41 42 44 45 50 51 52 53 54 55 56 57 58 59 60 61 62 63 64 65 66 67 69 70 72 77 83 84 87 91 92 97 99 100 101 102 105 109 110 111 112 114 122 127 128 129 131 132 133 134 135 136 137 138 139 141 144 145 146 149 150 153 160 161 162 163 164 165 167 168 171 172 174 176 177 178 180 187 188 190 191 194 195 198 199 200 204 209 210 213 214 215 217 218 221 224 225 226 231 234 235 237 240 241 242 243 246 248 249 253 254 255
47 87 148 248 56 99 72 149 164 212 40 176 183 184 204 145 15 49 133 156 163 51 55 63 118 159 167 200 211 238 241 247 0 3 45 93 154 169 48 80 86 123 202 224 244 13 19 23 24 41 71 74 92 105 110 126 213 14 47 57 61 64 66 70 81 88 97 103 112 120 125 139 153 170 181 199 215 251 1 12 18 27 32 34 39 73 82 91 95 109 111 113 122 130 131 132 140 143 144 147 151 160 161 165 166 173 175 178 187 190 192 193 196 206 217 219 221 223 225 229 240 243 252 255 2 4 5 6 7 8 9 10 11 16 17 20 21 22 25 26 28 29 30 31 33 35 36 37 38 42 43 44 46 50 52 53 54 58 59 60 62 65 67 68 69 75 76 77 78 79 83 84 85 89 90 94 96 98 100 101 102 104 106 107 108 114 115 116 117 119 121 124 127 128 129 134 135 136 137 138 141 142 146 150 152 155 157 158 162 168 171 172 174 177 179 180 182 185 186 188 189 191 194 195 197 198 201 203 205 207 208 209 210 214 216 218 220 222 226 227 228 230 231 232 233 234 235 236 237 239 242 245 246 249 250 253 254
48 40 178 169 155 84 206 220 30 59 181 34 83 122 135 245 252 21 49 89 94 103 131 144 154 179 238 18 48 53 136 254 41 75 92 104 160 187 234 250 8 22 45 63 69 93 115 116 117 132 143 150 170 173 174 176 184 202 203 244 12 16 42 44 46 65 73 77 79 137 148 152 159 199 211 214 239 253 255 5 9 24 28 43 47 58 61 67 71 74 78 85 86 90 95 98 105 118 119 124 125 128 138 145 146 149 163 167 171 182 191 192 195 198 201 204 209 215 217 218 219 221 225 231 233 242 243 251 0 1 2 3 4 6 7 10 11 13 14 15 17 19 20 23 25 26 27 29 31 32 33 35 36 37 38 39 50 51 52 54 55 56 57 60 62 64 66 68 70 72 76 80 81 82 87 88 91 96 97 99 100 101 102 106 107 108 109 110 111 112 113 114 120 121 123 126 127 129 130 133 134 139 140 141 142 147 151 153 156 157 158 161 162 164 165 166 168 172 175 177 180 183 185 186 188 189 190 193 194 196 197 200 205 207 208 210 212 213 216 222 223 224 226 227 228 229 230 232 235 236 237 240 241 246 247 248 249
49 88 186 57 61 191 59 159 231 252 84 174 180 201 202 72 77 94 149 119 232 62 69 124 126 142 177 182 226 8 29 38 82 89 138 140 183 184 188 242 10 17 35 52 63 68 86 100 116 129 145 151 165 170 199 207 234 240 13 23 36 41 98 104 113 146 222 223 228 230 239 251 253 1 6 12 14 19 25 30 32 37 40 49 54 55 56 58 71 74 75 83 85 101 102 107 108 111 112 136 137 143 144 154 157 158 162 172 176 178 185 190 192 197 200 211 213 214 216 217 219 221 235 236 241 247 248 0 2 3 4 5 7 9 11 15 16 18 20 21 22 24 26 27 28 31 33 34 39 42 43 44 45 46 47 48 50 51 53 60 64 65 66 67 70 73 76 78 79 80 81 87 90 91 92 93 95 96 97 99 103 105 106 109 110 114 115 117 118 120 121 122 123 125 127 128 130 131 132 133 134 135 139 141 147 148 150 152 153 155 156 160 161 163 164 166 167 168 169 171 173 175 179 181 187 189 193 194 195 196 198 203 204 205 206 208 209 210 212 215 218 220 224 225 227 229 233 237 238 243 244 245 246 249 250 254 255
50 41 48 209 123 23 204 95 40 245 151 21 69 170 171 185 36 89 161 215 249 13 101 176 148 223 242 19 214 230 247 251 16 20 35 66 118 228 237 248 17 43 53 60 61 67 68 103 106 127 131 141 167 212 0 24 86 111 113 114 146 159 162 163 180 182 187 210 236 239 244 252 6 12 22 26 38 39 44 54 55 59 70 76 79 80 84 88 91 92 96 122 134 142 143 153 154 174 178 181 188 190 191 194 198 208 213 220 222 232 1 2 3 4 5 7 8 9 10 11 14 15 18 25 27 28 29 30 31 32 33 34 37 42 45 46 47 49 50 51 52 56 57 58 62 63 64 65 71 72 73 74 75 77 78 81 82 83 85 87 90 93 94 97 98 99 100 102 104 105 107 108 109 110 112 115 116 117 119 120 121 124 125 126 128 129 130 132 133 135 136 137 138 139 140 144 145 147 149 150 152 155 156 157 158 160 164 165 166 168 169 172 173 175 177 179 183 184 186 189 192 193 195 196 197 199 200 201 202 203 205 206 207 211 216 217 218 219 221 224 225 226 227 229 231 233 234 235 238 240 241 243 246 250 253 254 255
51 219 166 23 172 125 173 55 115 171 191 213 247 3 65 79 102 117 145 34 194 229 114 133 78 80 98 100 190 200 212 221 4 25 31 37 44 47 52 164 197 230 15 20 75 87 136 160 184 193 204 243 249 2 9 17 27 32 59 63 74 83 90 92 99 106 108 110 134 148 155 157 163 165 168 182 195 199 240 11 16 22 29 30 43 45 53 54 58 72 89 118 130 131 132 137 141 142 149 152 153 156 187 189 205 208 215 223 225 231 239 250 255 0 1 5 6 7 8 10 12 13 14 18 19 21 24 26 28 33 35 36 38 39 40 41 42 46 48 49 50 51 56 57 60 61 62 64 66 67 68 69 70 71 73 76 77 81 82 84 85 86 88 91 93 94 95 96 97 101 103 104 105 107 109 111 112 113 116 119 120 121 122 123 124 126 127 128 129 135 138 139 140 143 144 146 147 150 151 154 158 159 161 162 167 169 170 174 175 176 177 178 179 180 181 183 185 186 188 192 196 198 201 202 203 206 207 209 210 211 214 216 217 218 220 222 224 226 227 228 232 233 234 235 236 237 238 241 242 244 245 246 248 251 252 253 254
52 16 19 166 70 57 221 123 6 213 63 106 71 75 108 205 109 40 60 77 79 104 239 33 76 84 96 116 129 134 142 164 173 183 208 223 233 32 37 51 55 66 118 126 131 140 146 153 184 189 231 7 12 72 192 201 207 226 29 52 78 93 95 97 99 105 119 120 136 144 152 165 211 215 220 238 251 253 5 8 11 15 17 21 22 26 28 30 38 53 54 65 73 74 83 85 89 90 102 115 117 122 124 148 150 151 156 159 186 190 191 196 206 209 216 217 240 241 247 252 0 1 2 3 4 9 10 13 14 18 20 23 24 25 27 31 34 35 36 39 41 42 43 44 45 46 47 48 49 50 56 58 59 61 62 64 67 68 69 80 81 82 86 87 88 91 92 94 98 100 101 103 107 110 111 112 113 114 121 125 127 128 130 132 133 135 137 138 139 141 143 145 147 149 154 155 157 158 160 161 162 163 167 168 169 170 171 172 174 175 176 177 178 179 180 181 182 185 187 188 193 194 195 197 198 199 200 202 203 204 210 212 214 218 219 222 224 225 227 228 229 230 232 234 235 236 237 242 243 244 245 246 248 249 250 254 255
53 233 185 143 121 18 99 29 43 160 65 80 207 219 37 53 186 45 123 36 78 24 109 120 122 164 189 217 255 67 188 227 244 20 73 101 125 140 148 159 194 204 3 25 66 95 127 136 190 197 206 1 4 23 55 56 74 77 94 112 128 130 133 150 151 170 178 181 183 191 241 243 248 0 5 8 9 11 12 21 22 83 84 85 89 93 98 104 117 119 142 145 146 156 165 166 173 182 195 198 202 208 209 216 220 226 229 230 231 235 239 242 245 254 2 6 7 10 13 14 15 16 17 19 26 27 28 30 31 32 33 34 35 38 39 40 41 42 44 46 47 48 49 50 51 52 54 57 58 59 60 61 62 63 64 68 69 70 71 72 75 76 79 81 82 86 87 88 90 91 92 96 97 100 102 103 105 106 107 108 110 111 113 114 115 116 118 124 126 129 131 132 134 135 137 138 139 141 144 147 149 152 153 154 155 157 158 161 162 163 167 168 169 171 172 174 175 176 177 179 180 184 187 192 193 196 199 200 201 203 205 210 211 212 213 214 215 218 221 222 223 224 225 228 232 234 236 237 238 240 246 247 249 250 251 252 253
54 84 116 11 224 172 14 34 49 178 220 141 200 27 32 82 103 87 89 7 100 112 203 223 228 236 3 52 177 190 29 62 64 146 158 168 186 193 196 238 239 17 38 40 55 67 68 80 111 157 160 164 165 189 211 216 234 253 0 15 23 50 63 83 93 119 142 155 192 194 222 235 252 16 19 24 26 41 43 45 60 61 65 90 95 96 99 104 106 121 130 131 140 147 153 171 173 180 188 195 198 199 202 210 237 241 251 255 1 2 4 5 6 8 9 10 12 13 18 20 21 22 25 28 30 31 33 35 36 37 39 42 44 46 47 48 51 53 54 56 57 58 59 66 69 70 71 72 73 74 75 76 77 78 79 81 85 86 88 91 92 94 97 98 101 102 105 107 108 109 110 113 114 115 117 118 120 122 123 124 125 126 127 128 129 132 133 134 135 136 137 138 139 143 144 145 148 149 150 151 152 154 156 159 161 162 163 166 167 169 170 174 175 176 179 181 182 183 184 185 187 191 197 201 204 205 206 207 208 209 212 213 214 215 217 218 219 221 225 226 227 229 230 231 232 233 240 242 243 244 245 246 247 248 249 250 254
55 155 206 46 212 13 134 93 110 39 0 160 187 230 246 252 163 213 251 44 119 148 225 240 10 15 53 73 82 129 164 173 179 190 215 16 61 66 77 103 139 152 153 156 161 183 186 194 196 227 232 3 9 25 27 29 32 33 36 41 56 57 58 81 97 99 101 114 149 176 184 200 216 234 243 2 6 12 17 20 26 28 31 35 37 38 42 68 75 76 83 90 98 104 107 113 115 116 118 121 135 141 142 145 154 157 169 171 181 199 205 207 209 211 217 219 223 224 226 236 238 239 244 1 4 5 7 8 11 14 18 19 21 22 23 24 30 34 40 43 45 47 48 49 50 51 52 54 55 59 60 62 63 64 65 67 69 70 71 72 74 78 79 80 84 85 86 87 88 89 91 92 94 95 96 100 102 105 106 108 109 111 112 117 120 122 123 124 125 126 127 128 130 131 132 133 136 137 138 140 143 144 146 147 150 151 158 159 162 165 166 167 168 170 172 174 175 177 178 180 182 185 188 189 191 192 193 195 197 198 201 202 203 204 208 210 214 218 220 221 222 228 229 231 233 235 237 241 242 245 247 248 249 250 253 254 255
56 151 54 29 155 19 89 134 154 13 238 202 74 129 152 96 149 229 16 75 179 240 23 126 197 21 28 86 91 109 200 20 33 43 50 103 148 190 209 230 231 232 253 18 48 53 62 95 138 175 195 205 220 222 233 241 22 49 52 72 87 90 99 114 118 122 136 153 163 167 173 193 208 250 0 5 7 11 15 25 31 35 37 38 40 60 70 71 76 79 94 97 102 105 121 124 125 131 132 133 142 144 172 181 186 189 194 198 199 217 226 236 239 243 246 249 254 1 2 3 4 6 8 9 10 12 14 17 24 26 27 30 32 34 36 39 41 42 44 45 46 47 51 55 56 57 58 59 61 63 64 65 66 67 68 69 73 77 78 80 81 82 83 84 85 88 92 93 98 100 101 104 106 107 108 110 111 112 113 115 116 117 119 120 123 127 128 130 135 137 139 140 141 143 145 146 147 150 156 157 158 159 160 161 162 164 165 166 168 169 170 171 174 176 177 178 180 182 183 184 185 187 188 191 192 196 201 203 204 206 207 210 211 212 213 214 215 216 218 219 221 223 224 225 227 228 234 235 237 242 244 245 247 248 251 252 255
57 127 61 199 186 70 219 8 18 151 191 207 254 15 22 53 180 128 153 28 39 83 159 30 31 152 176 227 242 1 72 112 241 20 50 77 95 125 192 197 229 231 2 9 10 37 47 51 64 97 103 119 135 139 141 145 147 148 157 165 166 171 174 221 3 7 35 41 46 48 59 65 68 79 82 111 121 149 164 194 205 211 238 244 251 252 6 12 21 24 42 45 54 62 67 86 87 92 100 102 109 110 120 130 131 132 133 137 154 158 167 168 170 181 183 198 209 215 223 226 234 235 236 239 246 248 0 4 5 11 13 14 16 17 19 23 25 26 27 29 32 33 34 36 38 40 43 44 49 52 55 56 57 58 60 63 66 69 71 73 74 75 76 78 80 81 84 85 88 89 90 91 93 94 96 98 99 101 104 105 106 107 108 113 114 115 116 117 118 122 123 124 126 129 134 136 138 140 142 143 144 146 150 155 156 160 161 162 163 169 172 173 175 177 178 179 182 184 185 187 188 189 190 193 195 196 200 201 202 203 204 206 208 210 212 213 214 216 217 218 220 222 224 225 228 230 232 233 237 240 243 245 247 249 250 253 255
58 137 101 27 210 40 9 198 48 251 98 2 65 119 94 104 4 114 140 162 195 205 31 54 58 11 72 77 117 132 178 223 227 22 59 111 125 193 209 212 5 45 57 62 71 78 81 107 112 115 144 166 169 174 179 181 214 6 38 49 51 53 64 84 87 103 176 192 197 200 213 217 228 229 243 10 17 21 24 28 37 44 46 61 66 67 68 75 92 100 110 113 120 121 123 126 128 129 130 133 142 145 148 149 152 157 172 177 183 188 196 199 208 211 218 224 235 239 247 248 252 0 1 3 7 8 12 13 14 15 16 18 19 20 23 25 26 29 30 32 33 34 35 36 39 41 42 43 47 50 52 55 56 60 63 69 70 73 74 76 79 80 82 83 85 86 88 89 90 91 93 95 96 97 99 102 105 106 108 109 116 118 122 124 127 131 134 135 136 138 139 141 143 146 147 150 151 153 154 155 156 158 159 160 161 163 164 165 167 168 170 171 173 175 180 182 184 185 186 187 189 190 191 194 201 202 203 204 206 207 215 216 219 220 221 222 225 226 230 231 232 233 234 236 237 238 240 241 242 244 245 246 249 250 253 254 255
59 220 34 187 156 235 204 45 200 194 197 95 107 157 174 198 52 129 181 206 57 128 160 184 223 255 4 21 86 109 126 165 0 6 23 44 77 84 85 141 213 32 54 62 118 124 131 135 195 225 227 228 229 10 36 39 40 43 61 71 76 79 82 96 98 140 150 152 167 168 175 179 183 189 192 193 218 219 221 232 233 244 248 254 1 9 26 48 49 51 53 58 60 68 70 72 78 81 87 89 104 112 119 121 123 132 154 158 173 180 208 209 210 224 241 242 2 3 5 7 8 11 12 13 14 15 16 17 18 19 20 22 24 25 27 28 29 30 31 33 35 37 38 41 42 46 47 50 55 56 59 63 64 65 66 67 69 73 74 75 80 83 88 90 91 92 93 94 97 99 100 101 102 103 105 106 108 110 111 113 114 115 116 117 120 122 125 127 130 133 134 136 137 138 139 142 143 144 145 146 147 148 149 151 153 155 159 161 162 163 164 166 169 170 171 172 176 177 178 182 185 186 188 190 191 196 199 201 202 203 205 207 211 212 214 215 216 217 222 226 230 231 234 236 237 238 239 240 243 245 246 247 249 250 251 252 253
60 237 246 226 242 254 32 44 179 186 206 181 79 1 107 109 145 200 229 13 152 14 53 105 191 233 245 34 45 108 138 163 183 213 244 54 57 76 150 177 190 201 202 221 253 103 113 146 166 187 193 195 230 2 9 17 28 33 51 58 66 85 95 120 126 129 130 135 144 167 168 169 185 255 25 27 29 36 37 42 60 70 71 72 81 92 101 104 133 134 137 141 143 155 160 170 172 174 178 189 192 196 198 205 207 223 228 238 248 0 3 4 5 6 7 8 10 11 12 15 16 18 19 20 21 22 23 24 26 30 31 35 38 39 40 41 43 46 47 48 49 50 52 55 56 59 61 62 63 64 65 67 68 69 73 74 75 77 78 80 82 83 84 86 87 88 89 90 91 93 94 96 97 98 99 100 102 106 110 111 112 114 115 116 117 118 119 121 122 123 124 125 127 128 131 132 136 139 140 142 147 148 149 151 153 154 156 157 158 159 161 162 164 165 171 173 175 176 180 182 184 188 194 197 199 203 204 208 209 210 211 212 214 215 216 217 218 219 220 222 224 225 227 231 232 234 235 236 239 240 241 243 247 249 250 251 252
61 252 89 171 149 155 207 76 141 45 91 175 254 128 164 212 216 41 53 80 108 147 222 235 14 16 20 59 130 135 170 229 13 23 50 110 115 121 146 179 183 190 195 239 241 6 35 65 67 73 112 131 150 152 153 159 236 240 0 4 15 21 25 26 40 42 46 49 54 57 66 71 79 87 92 105 114 133 145 161 166 177 202 219 225 227 238 248 1 2 28 33 38 39 44 56 64 75 78 81 97 103 104 126 132 136 142 148 158 162 172 173 184 191 210 211 224 226 234 237 249 251 255 3 5 7 8 9 10 11 12 17 18 19 22 24 27 29 30 31 32 34 36 37 43 47 48 51 52 55 58 60 61 62 63 68 69 70 72 74 77 82 83 84 85 86 88 90 93 94 95 96 98 99 100 101 102 106 107 109 111 113 116 117 118 119 120 122 123 124 125 127 129 134 137 138 139 140 143 144 151 154 156 157 160 163 165 167 168 169 174 176 178 180 181 182 185 186 187 188 189 192 193 194 196 197 198 199 200 201 203 204 205 206 208 209 213 214 215 217 218 220 221 223 228 230 231 232 233 242 243 244 245 246 247 250 253
62 129 171 24 9 11 168 108 62 221 251 240 5 1 61 120 3 44 45 59 83 113 128 142 204 41 77 101 131 156 178 231 235 241 31 68 73 86 136 157 170 176 200 215 228 23 65 132 147 151 152 177 180 184 192 201 217 234 247 0 4 13 16 36 37 38 54 64 84 143 146 166 172 186 199 226 8 15 17 18 21 32 33 39 49 52 56 69 78 82 97 98 99 100 104 106 107 112 114 118 121 125 127 130 133 140 150 154 155 167 175 181 182 185 196 202 206 211 219 223 229 230 232 233 236 255 2 6 7 10 12 14 19 20 22 25 26 27 28 29 30 34 35 40 42 43 46 47 48 50 51 53 55 57 58 60 63 66 67 70 71 72 74 75 76 79 80 81 85 87 88 89 90 91 92 93 94 95 96 102 103 105 109 110 111 115 116 117 119 122 123 124 126 134 135 137 138 139 141 144 145 148 149 153 158 159 160 161 162 163 164 165 169 173 174 179 183 187 188 189 190 191 193 194 195 197 198 203 205 207 208 209 210 212 213 214 216 218 220 222 224 225 227 237 238 239 242 243 244 245 246 248 249 250 252 253 254
63 35 235 190 60 192 254 230 225 21 122 123 188 253 105 109 126 2 74 183 205 24 149 184 251 4 5 73 77 189 208 243 7 27 30 69 80 96 102 143 144 148 181 182 200 231 236 242 17 33 37 44 53 68 82 91 99 121 127 139 161 162 176 179 187 197 210 249 8 13 18 19 31 34 42 45 50 51 55 56 58 62 72 76 83 87 94 97 98 117 119 120 129 133 138 150 152 155 165 167 173 180 199 201 207 215 219 228 229 232 237 238 239 240 252 0 1 3 6 9 10 11 12 14 15 16 20 22 23 25 26 28 29 32 36 38 39 40 41 43 46 47 48 49 52 54 57 59 61 63 64 65 66 67 70 71 75 78 79 81 84 85 86 88 89 90 92 93 95 100 101 103 104 106 107 108 110 111 112 113 114 115 116 118 124 125 128 130 131 132 134 135 136 137 140 141 142 145 146 147 151 153 154 156 157 158 159 160 163 164 166 168 169 170 171 172 174 175 177 178 185 186 191 193 194 195 196 198 202 203 204 206 209 211 212 213 214 216 217 218 220 221 222 223 224 226 227 233 234 241 244 245 246 247 248 250 255
64 93 10 142 234 40 199 101 235 39 59 63 72 115 196 161 81 94 162 216 18 42 43 86 119 140 144 149 169 218 1 15 28 84 108 131 156 182 183 191 210 228 246 2 6 17 21 23 31 51 53 76 95 105 122 129 147 176 206 211 221 232 237 242 0 16 25 26 38 68 71 75 82 83 89 109 130 155 159 174 175 181 205 225 243 249 252 9 14 20 29 32 37 47 48 57 61 69 70 73 90 100 107 112 114 121 126 135 141 150 152 189 198 200 204 209 215 220 222 226 231 233 248 3 4 5 7 8 11 12 13 19 22 24 27 30 33 34 35 36 41 44 45 46 49 50 52 54 55 56 58 60 62 64 65 66 67 74 77 78 79 80 85 87 88 91 92 96 97 98 99 102 103 104 106 110 111 113 116 117 118 120 123 124 125 127 128 132 133 134 136 137 138 139 143 145 146 148 151 153 154 157 158 160 163 164 165 166 167 168 170 171 172 173 177 178 179 180 184 185 186 187 188 190 192 193 194 195 197 201 202 203 207 208 212 213 214 217 219 223 224 227 229 230 236 238 239 240 241 244 245 247 250 251 253 254 255
65 105 76 212 243 191 255 45 221 26 120 198 57 175 225 126 181 213 7 14 44 64 125 21 66 94 106 237 239 12 22 97 121 134 165 187 193 199 205 208 230 232 253 3 36 48 55 60 87 90 91 93 109 148 151 154 156 204 246 251 2 25 31 34 50 58 63 85 103 108 118 128 145 149 160 164 170 184 196 201 245 247 254 9 11 18 24 32 33 43 46 47 53 59 62 70 71 72 82 88 96 99 104 110 119 130 132 143 147 150 155 163 166 172 174 178 183 186 219 248 0 1 4 5 6 8 10 13 15 16 17 19 20 23 27 28 29 30 35 37 38 39 40 41 42 49 51 52 54 56 61 65 67 68 69 73 74 75 77 78 79 80 81 83 84 86 89 92 95 98 100 101 102 107 111 112 113 114 115 116 117 122 123 124 127 129 131 133 135 136 137 138 139 140 141 142 144 146 152 153 157 158 159 161 162 167 168 169 171 173 176 177 179 180 182 185 188 189 190 192 194 195 197 200 202 203 206 207 209 210 211 214 215 216 217 218 220 222 223 224 226 227 228 229 231 233 234 235 236 238 240 241 242 244 249 250 252
66 207 6 47 105 53 94 181 72 205 60 115 221 166 62 77 174 20 44 118 54 12 19 75 102 110 127 229 234 25 38 123 150 165 184 220 238 14 68 168 192 194 197 212 219 226 246 251 253 24 46 51 56 89 109 149 158 161 163 173 180 195 218 225 242 247 5 8 9 13 15 17 26 30 31 34 35 39 73 76 91 92 99 106 117 119 130 137 138 140 145 146 152 155 156 157 162 169 170 175 179 186 187 193 204 209 211 228 236 239 241 244 248 250 0 1 2 3 4 7 10 11 16 18 21 22 23 27 28 29 32 33 36 37 40 41 42 43 45 48 49 50 52 55 57 58 59 61 63 64 65 66 67 69 70 71 74 78 79 80 81 82 83 84 85 86 87 88 90 93 95 96 97 98 100 101 103 104 107 108 111 112 113 114 116 120 121 122 124 125 126 128 129 131 132 133 134 135 136 139 141 142 143 144 147 148 151 153 154 159 160 164 167 171 172 176 177 178 182 183 185 188 189 190 191 196 198 199 200 201 202 203 206 208 210 213 214 215 216 217 222 223 224 227 230 231 232 233 235 237 240 243 245 249 252 254 255
67 226 30 15 109 64 93 24 101 45 48 99 63 95 182 124 232 241 61 82 113 181 234 81 131 159 193 195 208 236 36 76 88 137 152 161 168 180 205 10 29 77 78 91 134 148 177 212 245 19 57 105 116 126 132 144 151 156 175 192 229 244 246 249 251 253 56 65 69 87 127 135 190 204 207 211 220 227 238 4 16 17 18 23 28 31 37 53 59 60 66 70 71 80 83 96 97 98 110 111 120 129 139 143 147 153 176 185 197 210 213 219 222 225 228 235 240 247 0 1 2 3 5 6 7 8 9 11 12 13 14 20 21 22 25 26 27 32 33 34 35 38 39 40 41 42 43 44 46 47 49 50 51 52 54 55 58 62 67 68 72 73 74 75 79 84 85 86 89 90 92 94 100 102 103 104 106 107 108 112 114 115 117 118 119 121 122 123 125 128 130 133 136 138 140 141 142 145 146 149 150 154 155 157 158 160 162 163 164 165 166 167 169 170 171 172 173 174 178 179 183 184 186 187 188 189 191 194 196 198 199 200 201 202 203 206 209 214 215 216 217 218 221 223 224 230 231 233 237 239 242 243 248 250 252 254 255
68 211 173 18 219 120 240 207 3 55 166 241 91 177 191 6 58 25 30 84 212 16 23 57 135 12 74 123 154 167 247 20 37 38 50 63 86 116 127 134 138 141 232 236 1 10 11 39 68 70 73 76 98 119 131 133 149 153 155 158 163 196 197 206 229 41 42 48 54 64 65 101 103 174 182 186 192 216 217 227 231 234 250 0 4 7 8 27 32 60 62 77 92 93 95 105 109 113 121 122 126 137 142 169 176 185 187 194 204 205 218 221 226 243 244 245 252 2 5 9 13 14 15 17 19 21 22 24 26 28 29 31 33 34 35 36 40 43 44 45 46 47 49 51 52 53 56 59 61 66 67 69 71 72 75 78 79 80 81 82 83 85 87 88 89 90 94 96 97 99 100 102 104 106 107 108 110 111 112 114 115 117 118 124 125 128 129 130 132 136 139 140 143 144 145 146 147 148 150 151 152 156 157 159 160 161 162 164 165 168 170 171 172 175 178 179 180 181 183 184 188 189 190 193 195 198 199 200 201 202 203 208 209 210 213 214 215 220 222 223 224 225 228 230 233 235 237 238 239 242 246 248 249 251 253 254 255
69 100 176 209 31 50 36 211 213 60 51 81 43 67 62 154 241 48 123 142 228 12 77 89 104 107 164 187 202 227 28 54 69 117 134 190 192 198 216 233 9 16 33 41 42 55 143 162 163 172 184 186 197 226 234 236 247 5 10 15 39 46 49 59 71 83 111 139 146 147 167 196 200 223 225 229 245 255 17 20 21 23 37 38 44 78 95 96 97 103 115 119 127 138 150 179 180 182 199 207 219 220 224 232 238 239 244 246 248 251 253 0 1 2 3 4 6 7 8 11 13 14 18 19 22 24 25 26 27 29 30 32 34 35 40 45 47 52 53 56 57 58 61 63 64 65 66 68 70 72 73 74 75 76 79 80 82 84 85 86 87 88 90 91 92 93 94 98 99 101 102 105 106 108 109 110 112 113 114 116 118 120 121 122 124 125 126 128 129 130 131 132 133 135 136 137 140 141 144 145 148 149 151 152 153 155 156 157 158 159 160 161 165 166 168 169 170 171 173 174 175 177 178 181 183 185 188 189 191 193 194 195 201 203 204 205 206 208 210 212 214 215 217 218 221 222 230 231 235 237 240 242 243 249 250 252 254
70 203 113 239 189 231 51 55 150 153 204 14 90 192 71 111 176 200 229 2 80 211 223 237 36 121 149 152 165 183 193 210 0 20 26 34 35 63 83 91 98 147 206 33 43 82 103 108 118 125 127 131 135 187 240 242 244 8 30 31 45 57 72 77 84 88 105 109 123 137 145 181 182 191 199 236 245 248 250 4 6 9 13 16 23 27 39 40 41 46 47 49 50 53 62 66 67 74 104 114 115 155 164 169 171 185 190 201 220 221 222 226 238 246 1 3 5 7 10 11 12 15 17 18 19 21 22 24 25 28 29 32 37 38 42 44 48 52 54 56 58 59 60 61 64 65 68 69 70 73 75 76 78 79 81 85 86 87 89 92 93 94 95 96 97 99 100 101 102 106 107 110 112 116 117 119 120 122 124 126 128 129 130 132 133 134 136 138 139 140 141 142 143 144 146 148 151 154 156 157 158 159 160 161 162 163 166 167 168 170 172 173 174 175 177 178 179 180 184 186 188 194 195 196 197 198 202 205 207 208 209 212 213 214 215 216 217 218 219 224 225 227 228 230 232 233 234 235 241 243 247 249 251 252 253 254 255
71 232 50 227 233 171 19 22 92 150 175 35 84 179 220 221 255 66 121 252 96 102 107 197 230 13 27 32 39 61 67 89 109 210 218 238 17 18 24 63 71 132 174 193 195 202 214 237 34 46 54 59 68 83 86 100 127 138 149 166 168 188 236 240 241 247 1 2 5 26 30 51 53 56 72 87 105 106 119 120 123 130 147 148 189 196 228 250 9 20 23 29 31 33 47 48 55 62 64 76 85 88 113 115 135 136 139 140 141 144 152 161 167 177 178 180 181 191 205 209 217 219 231 244 0 3 4 6 7 8 10 11 12 14 15 16 21 25 28 36 37 38 40 41 42 43 44 45 49 52 57 58 60 65 69 70 73 74 75 77 78 79 80 81 82 90 91 93 94 95 97 98 99 101 103 104 108 110 111 112 114 116 117 118 122 124 125 126 128 129 131 133 134 137 142 143 145 146 151 153 154 155 156 157 158 159 160 162 163 164 165 169 170 172 173 176 182 183 184 185 186 187 190 192 194 198 199 200 201 203 204 206 207 208 211 212 213 215 216 222 223 224 225 226 229 234 235 239 242 243 245 246 248 249 251 253 254
72 226 181 144 80 162 158 3 107 126 204 17 146 202 27 124 130 243 37 42 58 77 108 156 216 248 1 4 7 24 25 48 68 82 85 142 153 155 168 185 203 249 253 22 47 53 64 94 98 104 117 121 132 137 147 154 157 164 165 177 192 205 238 240 254 6 10 20 30 34 83 113 118 129 133 134 136 141 149 159 175 184 190 195 214 224 252 2 11 13 32 35 39 50 51 56 62 65 92 97 106 123 125 131 138 140 143 148 161 166 170 182 196 199 200 201 207 210 218 223 227 230 231 245 247 250 0 5 8 9 12 14 15 16 18 19 21 23 26 28 29 31 33 36 38 40 41 43 44 45 46 49 52 54 55 57 59 60 61 63 66 67 69 70 71 72 73 74 75 76 78 79 81 84 86 87 88 89 90 91 93 95 96 99 100 101 102 103 105 109 110 111 112 114 115 116 119 120 122 127 128 135 139 145 150 151 152 160 163 167 169 171 172 173 174 176 178 179 180 183 186 187 188 189 191 193 194 197 198 206 208 209 211 212 213 215 217 219 220 221 222 225 228 229 232 233 234 235 236 237 239 241 242 244 246 251 255
73 88 30 106 28 80 82 96 2 47 171 19 35 147 248 178 226 3 37 90 93 94 135 139 181 187 191 241 21 52 58 114 157 173 199 230 15 27 72 104 128 130 158 186 201 13 14 48 60 64 100 102 107 111 118 126 143 155 180 185 194 207 227 234 244 7 10 11 17 23 50 53 61 62 81 99 103 115 117 119 134 144 145 160 165 176 177 192 193 195 196 202 203 211 213 216 219 220 228 232 236 242 5 12 18 20 22 26 31 41 42 43 49 74 75 78 79 89 97 110 112 116 122 127 146 150 151 152 154 164 184 200 214 221 223 225 233 240 245 251 255 0 1 4 6 8 9 16 24 25 29 32 33 34 36 38 39 40 44 45 46 51 54 55 56 57 59 63 65 66 67 68 69 70 71 73 76 77 83 84 85 86 87 91 92 95 98 101 105 108 109 113 120 121 123 124 125 129 131 132 133 136 137 138 140 141 142 148 149 153 156 159 161 162 163 166 167 168 169 170 172 174 175 179 182 183 188 189 190 197 198 204 205 206 208 209 210 212 215 217 218 222 224 229 231 235 237 238 239 243 246 247 249 250 252 253 254
74 6 31 72 127 37 68 213 33 158 190 30 39 161 77 110 160 28 43 67 138 71 73 82 98 101 152 168 201 222 239 41 86 95 100 108 181 184 186 8 44 83 94 115 162 174 188 198 249 253 2 7 17 22 23 27 52 56 58 80 84 87 97 102 105 107 113 163 173 176 182 185 193 195 197 200 202 209 210 231 235 243 246 247 0 1 4 11 12 16 25 40 45 46 59 62 63 69 75 88 91 96 106 111 116 130 134 139 141 142 146 147 148 150 154 157 164 165 166 175 191 192 196 205 206 207 212 215 221 227 228 233 238 241 248 3 5 9 10 13 14 15 18 19 20 21 24 26 29 32 34 35 36 38 42 47 48 49 50 51 53 54 55 57 60 61 64 65 66 70 74 76 78 79 81 85 89 90 92 93 99 103 104 109 112 114 117 118 119 120 121 122 123 124 125 126 128 129 131 132 133 135 136 137 140 143 144 145 149 151 153 155 156 159 167 169 170 171 172 177 178 179 180 183 187 189 194 199 203 204 208 211 214 216 217 218 219 220 223 224 225 226 229 230 232 234 236 237 240 242 244 245 250 251 252 254 255
75 105 169 155 92 157 160 110 151 197 60 1 2 133 65 106 158 42 61 87 174 196 220 53 122 244 26 52 112 121 179 191 23 45 50 147 150 161 177 186 187 222 238 252 72 74 115 162 175 181 189 219 241 255 4 12 13 20 24 25 38 40 44 46 67 70 75 78 84 94 107 124 132 135 141 145 165 176 184 190 193 205 209 214 218 243 245 3 17 18 19 28 29 34 37 39 43 56 68 69 71 89 98 99 104 111 113 131 136 138 140 148 149 152 153 166 182 198 201 213 229 231 237 239 246 254 0 5 6 7 8 9 10 11 14 15 16 21 22 27 30 31 32 33 35 36 41 47 48 49 51 54 55 57 58 59 62 63 64 66 73 76 77 79 80 81 82 83 85 86 88 90 91 93 95 96 97 100 101 102 103 108 109 114 116 117 118 119 120 123 125 126 127 128 129 130 134 137 139 142 143 144 146 154 156 159 163 164 167 168 170 171 172 173 178 180 183 185 188 192 194 195 199 200 202 203 204 206 207 208 210 211 212 215 216 217 221 223 224 225 226 227 228 230 232 233 234 235 236 240 242 247 248 249 250 251 253
76 230 23 116 150 35 171 113 213 79 186 189 204 17 111 122 239 159 202 228 234 13 58 63 180 183 192 203 250 138 141 145 220 7 8 36 39 76 77 120 166 167 168 177 185 199 223 231 15 18 50 53 60 93 139 151 165 170 222 244 246 248 34 42 54 69 71 75 88 89 108 109 110 132 134 137 140 142 154 155 157 161 163 172 173 184 190 196 212 217 233 236 249 252 0 10 16 30 37 38 43 48 65 80 82 84 85 91 94 97 98 103 115 117 121 125 131 135 136 143 144 146 148 152 158 182 195 197 198 200 201 207 211 219 221 224 245 247 253 1 2 3 4 5 6 9 11 12 14 19 20 21 22 24 25 26 27 28 29 31 32 33 40 41 44 45 46 47 49 51 52 55 56 57 59 61 62 64 66 67 68 70 72 73 74 78 81 83 86 87 90 92 95 96 99 100 101 102 104 105 106 107 112 114 118 119 123 124 126 127 128 129 130 133 147 149 153 156 160 162 164 169 174 175 176 178 179 181 187 188 191 193 194 205 206 208 209 210 214 215 216 218 225 226 227 229 232 235 237 238 240 241 242 243 251 254 255
77 169 105 197 77 201 50 59 71 91 166 177 58 219 89 153 0 21 28 64 157 179 223 234 46 54 65 84 85 87 136 162 252 17 25 35 43 93 103 120 170 191 245 11 13 19 36 45 52 57 63 66 67 68 74 112 118 122 133 144 154 173 183 196 215 221 244 8 9 14 18 20 37 38 48 55 60 72 75 110 123 124 127 135 149 150 165 176 188 189 192 194 200 207 222 233 237 238 241 249 3 5 12 15 16 24 33 39 47 49 53 62 69 70 79 81 83 88 90 94 95 101 113 117 126 128 132 137 148 152 156 158 163 172 181 182 185 190 202 205 206 209 213 231 240 242 243 247 251 1 2 4 6 7 10 22 23 26 27 29 30 31 32 34 40 41 42 44 51 56 61 73 76 78 80 82 86 92 96 97 98 99 100 102 104 106 107 108 109 111 114 115 116 119 121 125 129 130 131 134 138 139 140 141 142 143 145 146 147 151 155 159 160 161 164 167 168 171 174 175 178 180 184 186 187 193 195 198 199 203 204 208 210 211 212 214 216 217 218 220 224 225 226 227 228 229 230 232 235 236 239 246 248 250 253 254 255
